1000 20
11 9 9 16 15 20 19 7 7 18 16 19 16 17 7 19 8 1 13 16 
17 20 15
12 16 5
3 6 7
22 3 10
9 12 18
6 9 1
0 3 11
12 13 2
11 15 9
3 6 15
1 5 10
1 6 12
2 6 2
16 19 17
10 13 4
17 20 3
10 14 9
4 7 10
7 10 2
7 8 12
4 9 19
11 12 19
6 9 18
11 12 20
19 21 13
19 22 2
18 21 15
2 6 4
15 18 12
16 19 10
22 1 10
22 0 13
18 20 4
19 23 16
3 5 10
13 16 20
3 6 15
11 14 13
14 17 10
17 22 11
15 17 20
23 2 13
14 18 18
11 13 1
14 17 6
10 14 19
23 3 18
13 16 2
22 23 4
1 3 15
7 11 19
9 13 13
2 7 13
17 19 2
8 9 5
9 13 14
5 7 18
0 3 18
21 22 20
2 5 15
19 23 12
8 12 5
20 0 13
5 10 8
6 10 17
22 0 2
16 17 12
15 17 11
8 11 10
3 6 18
10 14 20
15 18 19
0 2 6
1 5 7
10 13 1
9 13 14
13 15 5
7 9 19
23 1 17
10 13 15
7 11 13
12 15 15
9 13 4
4 7 18
5 9 20
3 6 9
9 12 13
4 7 7
16 20 3
14 16 16
11 13 18
17 20 20
16 20 1
10 14 11
14 17 3
7 10 1
14 18 8
6 9 4
10 14 17
22 1 20
13 14 19
10 14 19
17 20 10
1 4 18
7 11 9
3 7 9
12 17 5
16 19 7
2 5 19
19 0 16
3 7 16
16 19 17
11 14 5
3 6 17
12 16 3
3 5 20
19 21 3
7 10 1
12 14 20
14 17 11
6 8 9
19 23 4
3 5 9
21 0 10
14 17 12
0 3 2
4 8 9
4 6 19
21 1 11
20 23 15
9 13 12
16 19 10
13 17 1
23 3 4
17 19 17
17 19 16
5 8 14
5 7 6
0 2 17
0 2 8
5 8 19
17 20 11
17 21 7
17 20 12
5 8 12
17 20 4
16 20 13
19 0 14
10 13 16
6 11 11
23 3 10
13 16 20
5 9 19
11 15 12
9 11 12
21 23 13
4 8 9
10 13 1
12 14 13
19 23 5
20 23 15
23 3 3
16 19 8
22 2 10
2 7 13
20 23 14
18 19 7
19 22 9
18 20 9
9 11 18
0 4 19
21 22 10
13 17 15
12 15 12
2 5 7
1 4 3
3 3 14
18 20 13
7 11 16
7 11 12
5 8 7
14 17 18
2 6 8
9 13 18
3 6 16
19 23 20
1 3 15
11 14 7
23 2 18
10 14 3
18 23 14
21 0 20
21 3 6
0 5 6
6 10 1
9 13 19
18 21 10
20 22 16
16 19 14
4 8 19
14 17 4
23 2 7
8 11 15
4 6 12
20 0 9
6 8 9
8 13 12
10 15 12
21 1 9
10 12 18
12 13 7
5 8 6
10 13 6
6 7 3
6 8 20
0 2 1
19 23 10
12 15 18
10 12 3
0 3 20
15 19 8
17 21 12
19 21 10
6 8 19
11 13 1
19 23 10
5 7 3
20 23 2
12 15 16
20 22 19
10 12 4
2 3 8
1 3 7
13 15 1
22 1 6
1 5 10
1 4 2
10 14 10
10 12 14
12 15 11
21 23 9
8 13 6
19 22 5
16 20 2
12 14 20
19 21 20
11 14 8
23 2 10
6 6 13
3 7 9
17 20 20
8 10 6
0 3 14
20 23 3
0 2 9
13 15 19
5 8 3
4 7 2
4 8 18
17 18 2
21 22 8
23 2 16
17 20 16
5 8 4
5 7 6
5 9 16
16 21 6
23 1 2
1 5 2
9 12 10
16 20 2
13 12 15
23 1 4
14 16 1
8 11 20
10 14 5
18 21 18
1 4 16
3 5 7
15 19 10
9 13 9
8 11 6
4 8 1
0 3 3
5 9 15
2 5 5
6 10 11
6 7 18
4 7 11
4 7 13
18 20 1
16 19 19
16 18 11
7 10 6
1 2 7
14 17 8
22 0 18
3 7 17
9 12 1
7 9 8
1 5 5
3 6 3
22 2 5
3 7 10
18 20 6
5 7 5
4 7 17
21 23 10
11 15 12
18 22 20
5 9 3
18 20 7
1 4 10
1 5 7
7 11 8
9 13 7
15 19 1
10 12 8
11 15 14
17 20 15
17 19 9
4 8 9
15 17 11
23 3 5
13 16 20
9 11 5
15 19 5
9 12 11
4 6 20
21 0 16
20 22 18
20 21 1
4 7 11
2 4 2
15 17 12
9 13 6
17 20 15
17 22 16
21 0 10
1 5 8
12 14 1
5 7 7
14 19 11
18 20 1
15 18 6
17 19 15
18 22 10
23 3 20
8 10 19
18 21 6
22 1 5
11 15 15
2 4 14
6 9 6
11 13 8
7 10 8
20 22 13
2 4 1
23 3 6
15 17 10
13 16 2
15 19 6
3 7 5
12 16 12
17 21 4
8 10 18
14 16 19
4 6 14
8 10 16
14 16 7
3 7 9
8 12 5
16 19 1
22 2 15
5 7 4
16 19 14
18 21 8
13 17 15
21 1 1
23 2 11
19 21 12
4 9 19
1 5 4
2 6 9
22 1 9
1 3 11
2 5 11
20 23 5
11 15 13
19 22 18
1 5 2
3 5 6
21 1 5
6 9 3
0 3 11
13 17 2
10 12 17
20 22 11
8 12 9
16 20 6
9 13 7
4 7 4
4 7 18
3 6 12
11 13 5
19 22 10
23 1 4
7 10 14
8 11 12
20 0 3
21 0 10
19 21 18
0 3 16
9 12 15
1 3 11
11 13 1
23 4 8
16 19 3
20 22 13
15 19 18
17 20 1
19 21 12
1 6 20
18 21 9
5 7 19
1 4 6
4 7 7
18 20 14
3 5 11
1 4 17
12 14 1
15 19 7
4 6 14
21 0 18
13 16 6
21 21 16
19 21 4
1 6 15
23 2 18
5 8 17
16 20 12
23 3 20
14 17 2
15 18 11
0 4 1
1 5 10
7 10 20
19 21 17
12 16 14
22 1 3
5 8 7
3 7 1
18 20 8
18 22 2
8 11 12
21 1 14
18 20 20
7 11 2
12 13 2
13 15 11
1 3 2
17 20 4
2 5 18
21 0 13
21 0 3
9 12 1
12 16 20
15 17 9
12 15 20
4 7 5
19 22 4
8 11 4
0 4 6
4 8 20
22 1 7
2 5 17
1 3 16
14 17 18
3 5 14
2 6 14
17 20 13
4 7 1
19 23 13
14 17 13
2 7 17
15 17 18
20 1 12
0 3 5
12 17 9
9 15 18
8 11 12
12 15 6
10 13 14
23 2 15
8 12 17
12 16 11
22 1 9
1 4 13
23 1 20
7 10 11
11 14 12
23 3 5
14 17 12
19 22 12
0 2 5
4 6 11
5 8 12
16 19 7
5 9 17
16 21 7
2 7 11
16 20 13
14 18 19
0 3 14
2 6 13
19 2 3
14 17 19
20 22 4
23 1 2
0 4 10
14 17 9
5 7 4
17 22 7
19 22 10
2 5 16
18 0 5
16 18 9
21 0 17
19 22 7
2 4 2
10 13 11
8 11 1
19 21 12
8 12 12
20 22 17
0 4 19
19 21 18
17 19 9
10 13 1
22 1 16
3 4 5
0 2 14
19 23 13
8 11 10
7 11 6
7 9 14
17 21 2
1 5 12
21 22 3
13 15 12
9 12 20
11 13 19
14 17 7
0 3 9
9 10 10
20 0 6
9 11 6
17 20 17
9 11 5
3 5 16
3 4 4
3 6 16
21 0 12
11 13 1
17 20 16
17 17 1
6 9 11
3 5 10
11 14 12
7 9 12
8 12 15
4 8 9
16 19 1
7 11 17
1 2 19
2 4 4
13 15 15
0 3 13
9 12 8
8 10 16
21 1 7
9 13 2
13 15 8
0 3 19
11 15 11
15 19 13
2 5 20
11 12 18
6 10 1
14 18 12
4 8 18
6 9 3
14 18 17
10 13 19
13 16 19
15 19 4
6 10 20
10 13 19
13 18 8
9 13 15
20 0 1
5 7 16
13 16 13
2 5 18
9 13 15
6 10 2
0 4 14
5 7 6
23 3 11
16 18 7
7 10 16
4 8 15
9 12 1
17 20 10
6 9 15
6 9 7
14 18 16
3 6 4
7 9 3
19 21 10
16 19 19
4 8 14
10 13 17
9 11 4
3 5 12
18 20 20
14 16 20
8 10 1
12 14 10
1 5 6
22 2 15
23 2 19
10 13 2
15 15 5
4 6 19
11 17 14
2 4 12
21 0 19
13 16 10
1 5 12
8 11 4
9 11 6
2 5 19
23 1 1
17 21 13
21 0 10
23 3 10
13 15 15
19 21 20
21 1 8
22 1 15
22 1 16
4 7 18
2 5 15
15 19 17
2 4 7
5 9 12
18 20 13
8 13 6
7 11 9
8 11 16
10 12 4
4 7 3
10 14 16
16 19 14
7 10 2
20 22 12
13 15 10
21 0 3
17 20 8
21 1 14
0 4 17
22 23 3
2 7 8
10 10 1
22 23 12
1 5 17
14 18 15
20 23 2
21 0 10
14 17 6
23 2 5
20 23 14
5 9 9
13 17 13
5 9 17
0 2 20
20 21 18
0 0 11
18 22 12
17 19 11
19 22 17
8 10 14
11 15 10
9 14 15
21 0 2
11 14 20
20 22 5
5 9 3
22 1 16
17 22 3
5 9 4
11 14 7
9 13 13
16 18 1
16 19 10
19 21 16
20 0 2
19 22 14
22 2 16
4 7 15
16 19 20
14 17 16
0 4 10
10 15 15
21 23 7
18 20 19
11 15 18
10 13 3
2 5 13
23 1 15
17 19 11
3 5 13
22 1 9
17 22 16
15 20 12
2 5 20
18 19 17
18 22 4
6 9 2
20 23 6
10 14 4
0 3 16
4 6 19
2 6 18
9 14 13
6 8 2
4 7 2
10 12 14
10 13 5
9 13 16
16 19 5
10 12 12
12 16 14
5 8 12
21 0 10
16 19 15
9 14 10
6 9 15
13 17 11
12 17 20
6 11 18
19 0 12
14 18 14
10 13 5
21 0 12
13 16 8
18 22 4
20 21 13
3 6 18
17 19 17
22 2 2
21 1 3
19 22 9
4 6 8
3 6 19
2 5 18
16 20 10
0 3 19
13 16 18
18 20 20
3 4 20
19 22 16
16 19 12
12 14 20
8 10 4
10 14 14
9 14 2
11 13 13
17 20 10
18 22 7
5 8 16
9 13 19
17 20 15
4 6 20
4 7 11
0 3 4
23 1 8
18 21 4
22 1 11
13 16 16
5 9 12
20 23 8
3 6 20
1 6 16
21 0 9
21 21 19
8 11 2
3 6 3
13 16 6
6 8 17
20 0 2
6 10 9
0 5 8
18 19 11
19 21 15
4 8 15
3 7 2
15 18 16
15 18 12
21 23 3
7 10 15
4 7 15
2 4 4
14 18 1
21 23 12
16 19 6
7 11 20
12 14 6
8 11 16
21 23 16
16 18 12
22 0 18
4 6 5
21 23 17
3 7 9
6 8 16
12 16 10
10 13 18
10 13 17
18 21 6
2 5 20
23 2 17
20 23 19
22 1 9
22 2 20
3 7 15
11 13 8
10 14 20
16 19 18
10 13 12
23 2 15
1 5 2
17 21 4
21 1 4
13 16 1
18 20 12
3 7 7
20 23 6
0 2 19
6 8 4
10 14 9
23 3 20
1 4 18
21 22 15
8 10 17
4 7 1
16 19 11
19 21 5
18 20 17
5 9 20
23 2 17
16 19 8
18 21 10
3 7 12
2 5 18
15 19 10
15 18 8
10 14 20
7 10 1
7 11 3
0 3 5
18 21 8
4 6 17
14 16 13
8 11 13
19 20 16
6 10 18
17 20 17
14 19 13
6 8 16
10 13 2
23 2 20
13 14 10
14 18 12
11 14 2
13 17 4
11 13 13
11 14 6
1 4 2
16 19 10
21 23 20
10 13 16
7 8 5
2 5 6
18 21 5
9 13 2
13 15 17
5 7 16
6 8 17
0 2 9
1 4 7
21 0 8
10 13 4
8 11 10
6 10 11
5 10 11
9 12 19
12 16 5
4 7 1
14 16 5
8 10 12
2 5 10
21 23 6
17 19 19
22 1 13
10 13 15
0 4 7
17 21 6
2 4 4
5 8 11
14 18 4
14 17 13
3 5 8
3 5 12
6 9 4
9 11 15
0 2 13
14 17 6
0 3 8
3 7 17
8 10 18
23 3 3
18 20 16
2 6 2
4 9 4
11 14 17
18 20 4
2 4 11
18 21 5
6 9 16
0 5 8
14 17 1
14 16 5
1 5 13
11 14 18
18 19 15
23 2 7
0 3 1
11 15 14
15 17 3
9 12 18
3 7 6
2 3 20
19 22 7
4 6 17
3 6 16
20 0 9
9 12 8
11 12 6
1 5 15
10 13 2
3 6 10
4 7 7
4 7 13
5 7 15
23 2 1
16 19 5
7 11 5
19 22 7
17 20 1
9 11 9
6 9 11
15 20 10
16 19 13
16 19 10
15 20 2
3 5 4
18 20 19
19 22 10
14 14 19
23 3 1
10 14 8
4 7 20
22 1 15
5 7 1
3 8 4
11 13 11
6 9 13
14 18 6
16 18 13
23 3 17
17 19 6
3 7 19
2 4 3
0 3 13
17 20 5
9 12 11
2 4 17
10 13 18
