1000 10
6 2 4 5 8 2 1 3 5 8 
13 15 8
7 9 1
13 14 4
12 15 4
4 7 5
18 22 10
22 2 8
8 11 10
20 22 10
4 6 4
18 20 2
4 5 8
12 14 4
7 9 9
4 7 9
19 23 1
0 2 8
16 18 9
3 6 9
0 4 10
11 14 3
20 0 6
5 9 7
20 23 2
23 2 2
3 4 9
13 16 3
7 10 2
7 9 3
6 9 1
4 8 7
6 10 9
21 1 8
7 10 7
10 15 7
10 12 10
16 18 5
2 6 6
7 11 3
3 5 4
3 5 6
12 15 4
10 14 2
19 23 9
15 19 6
17 19 2
9 13 8
5 8 1
17 20 4
15 18 10
4 8 10
23 2 9
23 2 2
6 10 4
2 5 5
3 6 10
19 23 10
3 6 5
13 14 1
21 23 5
6 8 5
23 3 7
14 18 3
13 15 5
1 3 2
7 8 10
19 23 7
12 13 10
11 14 2
0 6 6
22 3 7
17 21 10
9 11 1
2 5 1
0 5 5
22 1 2
7 10 9
7 10 4
13 15 7
23 3 1
0 4 2
9 12 8
22 23 7
6 9 3
21 23 7
12 15 5
16 19 6
16 19 10
2 6 4
3 8 5
21 23 6
21 0 3
13 17 2
3 7 1
11 14 2
3 7 5
2 6 1
20 23 7
22 3 9
6 9 2
8 12 10
21 22 3
7 11 9
7 10 9
15 18 4
13 17 9
23 3 9
2 6 6
0 5 7
13 16 1
19 23 6
12 16 8
16 17 2
12 15 6
20 0 1
10 14 9
19 22 7
18 22 1
5 8 6
18 21 1
13 16 2
14 16 9
8 11 1
5 8 4
7 11 6
12 13 3
1 4 5
23 2 9
12 15 6
17 21 6
3 7 3
3 6 7
16 18 9
17 21 3
7 11 7
17 19 10
12 13 9
5 12 4
23 2 9
23 4 4
7 8 10
11 12 7
6 8 6
22 0 7
12 14 7
8 11 4
7 11 5
4 7 6
11 13 6
21 0 6
10 12 10
0 2 3
2 6 1
4 6 5
8 10 10
20 23 7
17 21 10
5 8 7
13 18 8
21 0 5
13 16 10
5 9 1
19 21 7
10 14 6
18 20 6
20 23 2
1 4 1
22 0 1
7 10 2
13 14 6
21 22 1
2 5 3
13 17 4
21 1 9
8 11 1
6 11 7
8 12 3
20 23 2
10 12 3
20 0 3
21 0 9
1 4 2
11 13 6
20 22 6
20 23 5
11 14 5
23 2 2
4 7 5
15 21 3
21 0 3
12 14 9
14 19 8
4 8 4
14 17 2
12 16 2
2 4 6
2 6 9
13 16 9
14 18 2
15 18 9
3 5 8
14 19 5
2 5 7
11 14 7
9 12 2
15 17 7
9 12 2
16 19 6
20 23 5
22 0 8
21 0 6
3 5 10
15 18 3
3 7 10
15 18 3
16 19 7
11 14 7
17 21 5
23 2 3
12 14 3
14 17 6
1 4 2
11 13 4
9 11 7
4 5 8
13 17 1
21 22 9
1 3 5
12 16 3
13 17 6
17 19 2
14 17 2
13 16 5
2 4 1
6 9 3
20 0 1
11 12 3
1 3 8
16 19 3
19 22 2
3 6 10
2 5 2
20 1 10
5 7 9
11 15 7
3 6 10
5 9 3
5 6 6
15 19 1
18 22 10
8 11 4
8 11 10
22 0 5
9 10 1
9 12 2
10 14 5
14 16 1
21 23 7
16 20 7
0 1 3
14 18 5
11 13 6
9 12 3
16 18 3
18 20 10
18 22 4
23 2 3
4 7 9
1 3 1
14 17 10
9 13 6
2 6 4
8 10 10
17 20 1
21 0 6
9 12 1
1 3 7
22 2 3
9 14 1
5 8 4
15 17 9
1 3 2
16 19 4
0 3 5
16 18 5
3 6 7
3 8 3
15 18 10
8 10 4
4 7 9
18 21 7
4 7 3
10 14 9
19 21 10
4 8 1
16 17 5
9 11 9
9 12 2
13 15 4
18 21 7
17 21 1
4 8 2
14 18 9
14 17 3
12 15 7
16 18 2
4 7 3
10 15 1
14 17 8
19 21 1
14 17 7
9 11 2
10 13 10
17 20 9
3 7 6
17 19 3
11 15 8
12 16 7
1 5 6
19 23 2
9 12 10
14 16 5
2 5 3
22 3 10
0 3 10
20 23 4
2 6 6
11 14 6
6 9 8
12 16 3
13 17 5
14 16 6
3 6 3
6 8 5
9 11 4
12 15 6
13 15 7
23 3 1
5 8 4
16 20 3
7 11 9
2 4 5
4 5 1
3 6 6
10 14 8
19 22 6
3 7 3
18 20 2
15 18 9
20 0 4
4 7 3
17 21 7
4 8 10
21 1 1
3 7 7
15 17 3
6 9 10
23 2 6
4 7 7
9 11 4
21 23 1
2 4 2
13 18 6
18 20 5
11 16 2
16 21 5
1 5 10
19 22 5
9 11 5
20 23 4
12 15 9
18 22 3
9 12 3
1 2 5
22 1 3
21 0 10
14 17 1
22 1 3
2 4 6
1 4 7
18 20 4
6 7 8
4 6 10
18 21 3
3 6 1
20 23 6
19 23 3
23 1 4
11 15 9
20 1 9
0 3 5
10 15 8
10 13 8
4 7 10
7 10 3
15 18 9
22 1 6
0 1 7
23 2 2
6 9 3
2 3 6
15 17 5
11 14 7
5 10 3
4 6 9
4 7 4
14 16 3
10 11 9
11 13 8
16 20 1
6 10 6
14 18 10
22 1 5
2 5 3
0 4 6
8 13 1
17 19 10
19 22 2
8 12 9
18 21 1
17 21 4
15 17 2
1 3 8
23 2 2
2 5 7
22 0 3
5 9 5
7 9 3
18 21 7
21 23 4
18 21 1
21 0 2
11 15 1
17 22 4
12 13 1
20 23 4
3 7 5
6 6 10
17 19 6
1 3 7
13 16 10
8 10 4
7 9 10
20 22 6
8 11 5
12 17 6
13 16 6
14 17 5
11 15 7
20 0 5
15 19 3
11 14 1
13 15 3
6 9 6
20 23 5
7 11 4
0 2 5
18 22 4
18 21 3
2 5 1
9 11 3
23 0 1
22 1 10
21 0 1
11 16 2
22 2 1
19 22 4
6 11 8
8 11 4
11 14 2
22 0 6
1 3 3
9 13 8
22 0 4
23 2 9
14 15 9
0 2 5
17 19 4
15 16 3
19 23 7
23 1 4
5 9 1
3 7 9
17 19 6
22 1 2
4 8 4
13 17 2
15 18 2
22 1 2
21 1 1
12 13 5
0 4 4
11 13 6
23 1 5
18 21 10
21 1 2
12 14 10
9 10 4
23 1 5
13 18 5
9 11 10
13 17 2
10 13 8
14 19 1
2 5 6
5 10 7
18 22 6
20 23 10
17 21 3
15 17 10
15 19 2
11 16 6
9 11 10
8 12 3
23 4 10
21 1 5
9 12 4
19 23 3
7 11 5
21 23 6
8 10 1
7 9 3
4 7 4
10 15 7
3 7 7
9 13 5
6 8 8
14 18 4
2 4 5
13 14 10
8 12 9
2 5 10
2 6 7
10 13 2
5 8 5
16 20 4
5 7 7
3 6 8
22 1 5
18 21 7
6 9 4
6 9 7
13 16 6
12 15 8
17 21 3
11 13 2
17 20 5
3 6 2
15 19 4
11 15 7
3 6 6
18 20 8
10 13 7
15 19 10
9 11 8
15 18 6
4 7 8
20 23 3
18 21 1
19 23 2
15 19 8
19 0 7
1 2 10
18 20 6
20 23 2
9 13 2
14 15 3
13 17 10
13 14 7
0 3 6
23 1 7
5 7 4
22 1 9
11 15 5
20 20 5
19 0 10
11 13 8
7 11 4
18 22 3
13 16 8
6 9 4
10 12 2
22 1 6
18 22 5
21 1 5
15 19 5
1 3 8
0 2 1
16 22 4
4 8 1
0 5 10
3 8 10
5 8 6
23 3 6
2 5 6
22 1 2
23 3 7
9 13 10
9 11 10
8 12 1
22 0 1
15 18 10
19 22 2
14 17 3
1 4 10
13 15 2
18 21 4
2 4 10
12 15 9
10 15 9
3 6 7
10 12 8
17 20 7
21 0 3
20 0 6
2 5 9
10 14 1
22 1 3
7 10 4
17 19 7
21 23 10
4 8 10
8 13 6
4 8 10
23 1 1
13 14 8
8 12 8
5 9 7
15 17 3
1 4 4
22 0 8
3 7 1
12 13 6
23 3 1
14 16 4
9 14 2
2 5 1
0 2 9
19 21 6
23 1 2
17 21 8
5 8 6
9 12 9
2 5 1
9 13 9
8 10 8
13 16 10
18 22 6
1 4 5
19 22 6
23 2 3
18 21 6
22 0 10
2 6 8
6 10 10
5 8 10
9 12 1
8 12 9
17 19 6
3 7 8
18 21 9
3 5 4
1 4 4
11 15 7
11 13 2
14 17 2
23 1 2
18 21 10
16 18 1
20 22 6
5 8 6
17 19 5
8 12 7
17 19 5
13 16 8
2 6 1
1 3 3
23 3 7
13 16 9
16 18 2
16 19 5
9 11 8
4 6 1
7 9 7
23 2 1
8 11 8
10 13 9
0 3 2
21 0 1
6 8 3
8 11 8
23 3 9
12 15 8
11 13 4
18 20 6
6 9 6
3 7 10
3 6 6
6 8 1
2 7 8
6 7 7
5 7 3
20 0 10
1 2 5
12 16 1
22 2 6
4 8 7
23 0 7
21 1 1
0 3 4
11 14 4
22 2 3
16 20 5
18 20 3
5 9 7
9 13 10
20 1 7
7 12 7
4 7 1
6 9 7
2 5 9
6 9 4
4 7 6
2 6 7
22 1 4
20 23 10
15 17 6
1 3 10
21 0 5
2 7 2
16 20 5
15 18 7
2 4 7
18 22 5
6 9 3
15 18 6
7 10 6
15 20 9
6 10 6
16 18 1
18 20 1
1 3 3
2 4 1
16 18 2
3 7 7
15 17 10
13 16 8
17 20 9
8 13 6
12 14 4
4 7 10
0 5 2
18 21 10
1 4 6
18 21 7
20 23 6
5 10 2
0 3 9
8 11 2
6 7 3
22 2 4
12 15 3
1 4 3
3 6 5
16 20 8
8 12 7
20 22 10
9 13 5
5 6 1
16 19 7
8 12 1
10 11 2
9 11 6
5 8 6
12 17 2
17 20 2
2 5 10
21 23 1
15 16 3
14 18 5
23 1 6
14 18 3
7 9 8
19 21 7
13 16 10
15 18 10
19 22 9
11 15 6
8 10 3
20 0 9
15 18 6
1 5 3
11 13 9
23 2 9
13 17 7
2 7 4
15 18 5
19 21 7
18 20 4
19 22 3
15 19 9
6 10 9
1 4 3
13 16 5
3 6 8
18 21 9
15 18 10
9 12 2
9 12 1
0 4 6
11 14 1
0 5 9
2 3 10
15 20 7
22 2 3
9 12 9
5 8 7
0 3 3
10 14 3
21 0 1
18 20 5
16 19 9
6 9 7
1 4 1
20 1 2
20 23 2
1 3 4
13 18 1
16 17 8
1 5 1
12 13 3
13 16 7
8 10 7
13 17 6
21 0 9
14 17 3
13 16 1
14 19 3
15 18 9
17 20 6
8 10 1
6 8 1
4 7 10
11 14 8
7 11 9
14 17 1
10 13 7
5 7 7
17 21 5
12 14 10
1 3 7
15 18 8
18 22 2
19 23 2
8 11 1
14 18 8
5 8 10
15 19 5
5 9 6
12 14 1
1 6 8
16 19 8
12 15 9
14 16 8
6 11 9
17 21 4
11 13 6
12 15 6
2 5 3
15 17 3
1 3 8
22 2 7
17 20 2
7 11 10
15 17 6
22 0 9
2 6 9
3 4 1
15 18 6
8 11 3
2 4 10
11 13 9
20 23 3
2 3 7
19 22 4
20 23 9
21 0 5
3 7 1
9 12 8
11 13 2
10 15 8
19 21 1
5 7 6
13 14 2
8 10 2
11 14 4
20 23 9
1 3 10
6 11 10
15 16 4
10 14 9
13 17 7
6 8 4
21 0 5
7 10 4
11 16 10
5 8 8
14 18 1
11 13 9
0 3 1
4 8 6
18 21 3
14 18 4
2 5 8
13 16 4
10 12 1
22 0 5
5 8 6
5 9 5
8 11 6
3 6 5
7 11 10
10 13 6
20 0 4
10 13 9
5 9 1
23 4 1
19 22 4
7 9 9
5 9 7
0 2 6
5 7 5
10 14 4
23 2 4
0 3 7
16 18 3
13 16 6
23 2 9
13 17 5
21 0 5
11 14 4
16 20 8
15 17 6
14 17 8
4 7 7
3 7 2
23 2 7
8 10 1
15 19 6
19 21 10
3 5 2
9 11 3
23 1 2
6 9 9
8 11 6
16 19 6
18 21 4
5 7 8
15 19 3
20 23 1
7 11 1
1 7 1
9 13 5
8 11 8
11 14 8
11 13 10
14 16 7
19 22 4
0 2 7
10 14 8
13 16 6
15 18 10
15 18 8
5 9 3
4 6 7
7 10 4
1 3 7
19 22 4
0 3 3
13 15 2
4 8 9
0 3 7
5 7 10
9 12 3
12 14 1
19 22 3
14 16 4
18 22 9
23 2 3
21 0 4
13 15 4
11 14 3
12 12 4
9 11 5
10 12 7
11 14 2
16 17 2
15 17 5
16 19 1
5 8 4
