1000 40
21 17 29 16 27 40 28 40 32 31 26 18 26 3 16 8 31 23 24 1 5 22 5 20 40 31 24 18 33 23 21 9 27 3 21 36 17 22 33 27 
21 0 3
11 15 35
5 10 1
15 20 18
22 1 13
6 8 17
2 5 36
8 12 28
12 16 30
22 1 14
2 5 8
11 14 2
13 15 28
3 8 24
2 4 6
13 17 2
10 13 3
14 17 3
10 14 2
13 15 32
6 11 3
0 2 7
23 2 27
3 8 1
20 0 13
1 3 25
18 19 23
10 14 4
16 21 15
16 19 23
8 11 7
1 3 12
4 7 13
1 2 31
6 8 9
9 13 26
16 19 24
21 0 8
20 22 12
0 3 21
5 10 25
4 8 40
3 7 29
13 15 16
16 20 11
7 10 16
1 4 22
23 2 32
13 17 15
19 21 27
1 3 31
22 1 10
18 18 32
21 0 40
6 10 26
13 17 9
20 22 36
9 12 35
0 3 19
16 18 29
15 20 36
9 11 32
19 22 24
10 12 29
6 8 35
12 15 11
22 0 39
7 11 16
22 2 30
5 9 5
22 2 20
21 0 17
17 20 8
19 21 9
3 6 25
3 8 13
0 3 21
4 7 21
22 2 2
11 12 40
3 6 25
5 8 29
7 9 36
6 8 40
16 18 39
22 1 18
22 23 22
6 9 40
2 4 21
17 20 24
3 8 36
1 4 35
19 22 17
18 20 37
17 21 2
1 3 29
3 6 13
5 9 39
15 18 12
5 6 37
0 3 31
8 12 29
6 9 18
18 22 23
10 13 17
23 0 27
12 15 9
4 7 10
11 13 19
9 13 3
1 2 28
6 8 13
13 17 22
19 22 23
2 5 27
11 15 32
10 14 12
20 0 25
8 10 12
7 10 29
5 9 37
19 23 16
21 0 5
9 11 17
6 8 38
12 16 14
6 8 20
7 10 35
5 10 3
5 7 5
20 23 5
1 2 35
4 5 38
3 7 27
21 1 25
15 18 33
23 1 14
22 2 8
18 21 10
3 5 19
0 4 25
23 1 4
20 0 3
4 8 22
8 11 22
17 19 32
15 18 12
21 1 31
3 6 20
19 21 15
6 10 38
20 23 40
1 2 5
5 9 37
3 5 39
18 18 34
20 22 36
3 5 34
15 18 18
20 22 35
3 5 22
1 2 24
9 10 18
18 20 10
9 13 23
6 11 8
10 13 8
1 5 19
17 19 12
18 22 29
23 4 10
19 21 28
20 23 21
9 12 30
23 1 24
9 11 26
21 0 21
7 10 32
9 12 38
12 15 29
4 7 30
20 1 27
17 20 26
15 18 21
21 1 18
10 13 29
13 17 33
7 10 37
23 2 8
8 10 40
9 12 38
2 5 3
21 0 35
16 18 31
9 13 5
20 0 39
12 14 21
14 17 12
2 5 24
15 18 20
23 0 16
23 1 5
9 12 5
22 3 20
0 4 32
12 14 36
22 1 10
10 13 22
17 20 3
22 0 39
11 14 30
17 19 33
7 11 6
16 19 33
7 9 27
11 14 29
10 14 17
14 17 6
15 19 23
9 12 25
12 14 11
22 0 22
20 23 14
15 19 2
1 4 18
15 19 2
11 13 28
23 3 20
22 2 39
22 1 14
10 14 29
10 15 38
1 3 9
9 12 39
3 6 20
13 18 10
7 9 36
7 10 8
16 20 2
6 9 40
12 16 14
10 13 18
17 21 14
22 0 14
20 1 33
23 1 39
18 21 10
0 2 20
11 14 18
21 21 30
3 6 5
20 0 9
14 16 39
20 1 14
15 19 2
11 14 8
14 19 22
9 13 26
11 14 39
11 13 14
12 15 26
17 20 20
14 16 30
1 4 40
9 11 13
2 3 9
5 8 16
7 9 17
8 10 20
15 17 16
19 23 3
22 2 26
0 3 18
2 6 28
17 21 13
4 8 27
18 21 28
10 13 39
20 20 14
8 11 11
23 1 39
21 1 8
16 18 10
10 16 30
21 23 39
12 15 11
0 4 6
3 6 13
23 2 28
3 7 8
21 1 32
9 10 36
22 1 40
2 6 10
11 15 7
23 1 38
4 7 17
20 0 8
5 6 38
19 23 16
22 1 21
19 21 13
1 5 13
23 2 32
22 2 31
7 9 30
3 8 28
7 12 36
22 23 30
8 10 25
14 17 16
17 20 18
11 15 12
11 14 37
20 22 5
2 7 28
0 4 2
11 13 21
2 4 31
1 3 3
16 20 8
3 6 35
18 20 29
2 5 27
6 9 17
12 15 27
2 5 39
5 7 3
11 13 36
21 0 29
11 15 25
4 6 2
16 19 32
16 20 14
15 19 20
6 10 16
14 17 34
22 0 35
9 12 1
16 18 3
11 14 5
8 12 13
0 4 12
11 14 15
8 11 25
14 16 11
23 4 36
4 10 35
16 18 15
16 18 19
20 0 25
8 12 39
5 9 18
0 2 24
20 0 12
11 12 36
0 3 10
2 6 12
9 11 14
11 13 18
22 2 13
2 5 40
16 21 23
2 5 21
21 22 14
7 11 8
22 23 37
10 12 33
1 3 22
10 14 20
7 11 1
12 14 17
9 10 10
16 19 4
0 2 23
21 23 14
7 10 39
13 16 32
16 19 33
20 22 13
5 8 25
13 15 22
21 0 17
4 7 30
11 14 17
22 1 3
15 18 35
2 6 7
8 12 18
8 11 34
12 16 5
23 1 12
13 16 8
4 7 34
20 22 27
15 19 13
16 20 34
2 5 26
21 1 37
22 2 6
1 5 17
19 22 30
1 4 25
5 6 18
12 17 27
1 4 20
2 3 19
3 7 38
4 8 37
4 6 27
23 0 2
11 13 3
10 13 6
2 6 26
10 14 17
21 1 1
23 3 32
5 8 36
19 22 23
5 9 27
7 9 34
23 2 23
7 11 26
17 20 37
5 9 21
2 6 38
4 6 26
6 9 28
4 8 2
14 17 11
16 20 26
4 7 33
16 19 10
3 6 27
7 10 22
1 3 26
19 21 37
14 17 3
11 16 37
8 12 10
20 22 30
9 11 35
2 5 12
5 9 19
14 17 29
19 22 29
16 17 21
11 13 33
10 14 38
2 5 2
1 6 24
16 19 8
0 3 18
17 19 36
5 9 26
3 5 6
15 18 21
19 23 34
19 22 27
4 9 1
10 15 30
15 18 31
3 6 33
1 5 32
3 6 23
14 17 24
22 0 22
2 5 22
4 7 21
17 18 40
15 19 20
12 16 18
18 22 39
22 1 36
4 8 22
1 4 9
14 16 32
23 2 40
23 2 10
5 8 22
12 15 4
1 4 6
21 0 25
6 9 2
19 22 20
3 6 5
18 22 23
2 5 29
20 22 8
13 14 17
7 10 31
6 6 13
7 10 18
7 11 8
19 0 9
2 6 17
9 13 18
10 14 33
4 6 28
20 0 24
4 7 9
0 2 18
1 4 37
21 1 25
4 7 14
4 7 24
4 8 18
12 17 24
2 3 4
13 15 11
21 23 8
21 1 33
3 5 12
13 14 22
3 7 30
4 9 10
2 5 27
20 0 31
9 13 14
20 22 25
9 10 30
4 6 33
17 19 38
2 3 30
3 5 32
20 22 33
7 11 24
17 21 16
21 23 8
1 5 27
15 18 21
11 14 10
10 14 30
9 12 4
13 15 17
19 21 6
0 5 32
22 1 35
16 20 13
0 2 32
6 9 15
11 13 10
9 12 1
20 21 40
2 5 3
5 9 22
22 23 37
19 22 30
11 14 14
17 20 30
22 1 30
1 4 30
4 7 36
4 8 10
10 12 10
21 23 3
23 3 30
17 20 14
5 7 7
22 2 18
14 19 17
2 3 32
0 3 37
13 17 38
13 15 34
6 9 18
14 18 9
6 10 32
15 17 40
13 16 32
10 13 35
12 15 4
18 19 19
14 17 12
0 3 32
2 5 30
1 5 35
3 6 21
2 6 33
11 12 31
17 19 23
16 20 19
16 20 6
22 2 16
10 13 38
9 12 15
12 14 30
10 14 1
9 10 5
5 9 20
8 10 35
19 23 40
4 8 30
14 17 2
15 18 32
0 3 5
12 14 14
4 4 36
20 23 21
10 13 13
13 16 28
23 2 31
3 6 17
13 16 19
3 6 6
11 13 5
8 11 21
11 15 39
6 9 21
9 12 7
23 2 1
9 12 40
15 18 20
22 1 17
22 0 21
17 21 18
16 20 40
2 4 21
10 13 14
23 2 40
13 15 11
13 16 22
11 16 22
19 21 23
16 19 39
19 22 14
15 18 21
13 16 13
10 11 20
15 16 15
13 15 9
13 16 31
7 9 7
23 1 8
16 18 23
17 23 23
4 7 34
20 23 29
23 3 3
16 20 4
9 10 32
7 10 4
20 23 2
12 14 20
22 1 17
19 22 8
10 11 11
10 12 24
11 13 13
7 11 7
7 11 18
7 10 19
19 22 30
3 7 28
21 23 32
15 17 31
14 17 6
10 13 38
18 20 19
15 17 22
0 3 11
20 0 25
9 10 26
20 0 2
7 10 12
5 7 37
21 23 40
14 16 31
23 2 1
9 12 1
14 18 2
2 6 40
9 12 33
23 2 25
0 3 31
8 11 11
13 15 35
1 5 17
2 6 17
18 19 9
9 13 33
3 5 37
2 6 40
10 13 20
7 9 6
2 5 20
18 21 9
18 20 26
3 4 25
22 0 7
22 1 21
11 14 14
23 2 37
18 23 35
11 14 40
10 13 40
16 18 39
1 4 20
19 23 20
8 12 6
6 8 17
1 4 5
11 13 39
22 0 4
14 18 34
20 0 17
1 4 30
8 12 2
14 17 19
4 8 21
10 14 10
11 14 21
14 17 13
15 19 30
16 20 32
2 7 36
17 19 16
17 19 20
7 10 10
5 8 34
15 17 19
11 13 23
22 1 39
16 19 32
7 9 18
14 15 19
13 16 35
19 22 22
11 14 18
20 23 27
22 0 28
2 7 25
7 11 12
6 9 40
22 0 33
10 13 39
0 3 16
8 10 37
6 9 33
3 5 34
11 15 27
2 6 35
8 9 17
11 15 24
11 15 34
10 14 17
9 12 30
8 11 27
18 21 20
1 4 30
16 19 24
7 10 14
9 13 14
10 15 33
22 3 1
17 20 22
4 9 2
21 23 32
8 12 17
13 18 20
1 4 8
18 20 2
23 1 3
11 14 17
18 22 18
8 12 27
18 21 23
0 1 38
18 21 25
8 10 7
22 1 30
19 22 1
22 0 28
18 22 38
20 0 12
14 17 30
23 3 5
10 12 1
22 0 15
9 11 8
13 16 13
18 23 5
21 0 23
7 9 2
5 9 10
9 14 35
6 9 2
7 8 28
12 16 26
13 16 20
1 4 17
16 18 35
13 15 25
18 21 10
7 10 20
16 18 33
21 0 32
18 20 5
11 14 35
4 7 16
14 18 35
21 23 2
0 1 39
16 18 30
2 5 1
11 14 7
12 16 33
18 19 9
2 7 32
17 20 4
4 8 12
22 1 33
12 14 11
19 21 27
2 5 34
9 11 30
21 1 28
9 12 15
0 3 25
22 2 34
0 2 33
16 21 39
1 4 16
8 11 22
20 23 35
4 8 27
14 19 24
15 18 2
10 13 29
9 13 23
9 13 34
12 15 15
10 11 38
1 5 37
8 12 3
21 0 26
10 14 18
5 8 27
17 19 14
21 23 22
14 17 7
7 9 26
5 9 7
17 19 3
10 11 8
15 16 34
13 18 5
18 22 29
7 11 11
16 19 37
16 18 34
14 17 36
15 17 14
20 23 27
5 9 35
6 10 1
20 0 1
4 6 21
23 2 9
22 0 27
6 7 24
0 5 17
15 19 12
20 0 9
23 3 10
3 6 26
0 2 8
14 19 14
17 21 16
23 2 20
14 16 5
15 20 16
9 11 8
15 20 16
9 11 21
13 14 37
15 18 10
13 16 17
18 22 22
7 12 17
11 13 14
14 18 34
1 6 20
7 9 13
19 21 36
23 2 21
8 12 37
20 23 19
15 18 14
17 21 22
9 13 13
12 14 19
13 15 24
8 11 21
16 20 34
13 15 31
12 14 15
10 12 6
6 10 9
6 10 23
11 14 2
18 19 28
16 18 31
7 11 37
21 0 38
7 8 37
18 21 5
17 21 39
13 17 10
12 15 23
14 17 21
20 23 39
7 9 13
5 9 18
8 12 35
7 10 40
14 17 14
1 5 5
16 18 13
15 16 14
13 15 24
23 1 6
12 13 14
1 5 36
19 20 38
17 19 13
23 2 24
1 6 22
19 22 36
4 8 34
23 2 35
9 12 28
13 17 31
21 23 4
19 23 11
4 5 6
14 18 30
14 17 19
19 23 38
8 12 1
1 3 14
17 21 5
11 14 11
11 13 1
8 11 9
12 15 13
0 4 12
23 2 22
16 19 35
4 6 15
14 17 38
2 6 40
6 8 17
14 18 29
22 2 35
19 0 28
15 18 16
12 15 29
5 6 14
16 20 1
21 0 16
17 21 14
4 8 26
0 3 10
12 15 25
20 23 27
1 3 16
20 0 28
16 19 13
1 4 39
22 2 14
16 19 38
16 20 30
0 3 12
23 2 30
13 16 17
19 22 9
14 18 19
6 9 18
21 22 9
10 14 15
12 15 16
8 12 5
13 16 22
22 1 18
12 16 10
11 13 11
15 17 30
12 15 10
5 9 11
7 9 29
12 13 10
13 16 3
6 9 38
11 14 21
17 22 36
16 20 14
9 13 3
21 22 16
8 11 37
