1000 5
5 5 3 4 5 
11 13 2
5 10 2
15 18 3
13 16 2
12 15 5
16 20 3
21 0 1
1 3 3
9 13 2
10 13 3
16 19 5
10 12 3
17 22 5
21 1 5
8 9 2
5 8 4
0 2 4
17 21 4
6 8 2
3 7 5
13 15 5
22 0 3
23 2 3
5 8 2
9 13 4
1 4 3
14 17 5
20 23 5
5 7 2
2 4 5
13 15 2
1 5 1
19 22 3
6 8 1
4 5 4
19 19 1
16 21 3
21 1 2
9 14 2
8 11 3
9 12 2
3 4 1
21 23 1
5 5 5
12 16 3
5 8 2
13 16 5
18 21 4
6 9 3
5 8 1
11 14 1
18 22 5
3 7 5
17 19 2
8 9 1
3 5 3
14 16 2
14 17 1
23 2 4
12 15 4
23 1 1
5 9 3
3 8 1
19 21 5
23 1 5
22 1 3
2 5 5
14 16 3
22 1 2
7 10 4
6 10 3
22 1 5
23 3 3
17 20 5
6 8 4
6 7 4
9 13 2
14 17 2
5 8 3
19 20 3
0 3 1
3 5 3
10 15 1
0 4 5
19 23 3
6 9 2
9 11 5
12 15 2
3 7 4
4 8 1
10 12 1
14 18 2
8 12 2
8 10 5
9 11 3
3 7 5
15 18 4
15 16 4
9 13 1
12 14 5
13 15 4
17 17 3
7 9 5
13 16 5
17 18 1
8 12 5
21 1 1
1 4 4
15 17 4
0 4 1
10 14 2
18 20 1
6 9 5
12 16 4
9 10 4
8 11 2
20 23 3
8 11 3
5 8 3
11 14 4
11 16 2
10 13 3
21 0 5
0 4 4
23 3 2
0 5 5
2 5 5
9 11 1
16 20 3
21 0 2
21 1 1
2 4 5
0 3 1
8 10 1
9 11 1
14 17 2
14 17 5
20 22 2
9 11 1
4 8 4
1 3 1
18 21 4
14 16 4
12 14 5
20 21 1
2 5 4
0 4 2
14 16 3
5 9 4
5 8 3
21 0 5
0 1 2
23 3 5
19 22 1
23 2 1
13 16 5
10 14 5
13 16 1
17 22 1
2 5 4
15 17 5
18 20 5
22 0 5
15 19 4
1 3 4
20 23 5
20 22 2
17 21 2
16 18 3
14 17 1
1 4 1
11 12 2
19 23 4
14 16 5
9 11 2
6 8 4
1 4 4
9 12 1
5 8 3
15 18 5
13 15 2
2 7 5
23 2 2
16 17 3
1 4 2
9 11 3
2 3 3
0 3 5
20 1 3
10 14 5
17 20 3
14 19 2
12 13 3
8 12 2
3 5 4
0 3 5
4 7 1
15 18 1
0 2 4
18 22 4
20 0 1
10 11 2
1 5 3
17 23 4
6 9 4
11 13 4
17 20 2
3 6 4
11 14 5
13 16 4
15 15 1
13 15 5
19 22 5
12 18 5
9 13 3
9 13 2
20 21 5
5 7 4
12 16 3
16 18 2
23 2 2
0 4 3
1 5 4
22 1 3
2 6 1
23 3 4
5 8 3
16 20 4
8 10 5
10 14 1
23 0 1
7 10 3
0 3 2
10 13 3
16 19 4
14 18 5
20 23 2
7 10 3
22 1 4
15 19 3
18 18 2
2 4 3
6 9 1
22 0 5
6 9 4
5 8 2
8 11 2
19 22 2
20 1 1
17 21 1
3 7 5
23 4 3
15 17 3
0 3 1
12 15 2
18 22 5
9 11 2
13 17 1
5 8 2
20 23 1
13 15 2
20 22 4
8 12 1
14 14 5
23 1 5
8 9 4
23 2 1
12 16 2
7 10 2
6 10 2
23 0 1
9 11 2
11 14 1
14 18 4
4 6 1
2 6 5
12 16 1
16 19 2
21 0 4
15 16 1
16 21 5
3 6 3
0 3 5
0 5 3
23 2 5
23 2 5
2 4 1
13 17 4
15 18 3
13 16 2
21 23 5
23 1 3
2 5 4
14 18 1
3 6 2
17 19 1
8 10 4
8 13 5
14 17 1
17 20 5
20 23 3
6 8 1
9 12 2
0 3 1
23 1 4
13 17 2
16 17 3
23 2 1
9 12 5
1 4 3
17 21 4
0 1 2
13 18 1
0 4 5
1 3 4
3 4 5
7 10 1
19 23 1
14 18 3
15 17 3
5 10 1
5 7 2
16 19 1
17 19 3
3 6 4
6 9 2
11 14 2
4 6 4
9 11 4
8 13 4
18 21 3
5 7 2
3 5 5
15 16 4
9 11 1
8 11 1
16 20 4
0 2 1
21 0 2
21 0 3
2 3 1
6 8 1
0 4 4
14 20 3
23 2 4
7 9 2
22 0 1
8 11 4
0 3 1
1 5 1
1 5 1
20 22 4
5 10 4
11 14 5
4 6 4
0 4 3
16 19 5
16 19 4
20 0 1
1 4 4
12 16 5
13 17 4
16 19 1
2 5 2
1 5 3
14 16 2
2 5 1
23 2 3
1 5 3
14 16 2
7 9 2
13 15 5
3 6 2
7 11 5
22 3 3
2 5 2
6 10 4
10 15 2
18 19 5
15 19 1
4 6 5
2 4 2
20 22 4
20 23 3
19 20 2
1 4 2
9 13 4
19 21 2
16 19 1
5 10 3
5 8 2
4 5 4
2 4 4
15 18 4
2 5 1
12 12 3
20 22 2
6 9 1
22 23 2
18 19 4
22 1 3
18 21 2
1 3 3
14 18 3
1 4 1
21 1 3
22 0 5
1 5 2
10 12 2
4 8 4
22 1 2
21 22 3
9 11 4
18 22 3
15 17 5
0 4 5
3 6 1
1 3 1
21 23 4
18 20 4
12 14 2
17 19 4
9 13 5
11 13 5
0 4 4
5 8 5
1 3 2
0 2 3
8 10 5
6 8 5
20 23 2
4 6 5
15 18 5
13 15 3
11 14 4
3 5 5
22 0 2
8 12 5
6 9 5
10 13 1
11 14 2
19 22 1
0 2 2
8 12 1
12 14 4
9 11 1
11 14 4
12 15 5
15 17 4
7 9 2
0 2 2
1 2 4
11 14 4
15 18 1
18 21 3
16 19 3
21 0 2
2 6 4
6 9 1
15 17 4
8 10 5
10 12 5
23 1 2
5 8 1
3 7 3
12 16 1
7 10 5
12 16 2
15 19 4
1 5 3
16 18 2
4 8 4
16 21 3
7 9 5
11 15 1
14 17 2
0 4 2
5 8 2
22 23 5
11 11 2
17 20 5
11 12 3
18 21 2
20 21 3
8 11 5
16 20 5
17 19 2
8 12 5
1 3 5
11 14 4
6 8 5
7 11 4
13 15 2
14 17 1
10 13 4
1 3 2
2 4 3
21 0 5
2 5 1
11 14 2
17 20 2
19 23 2
8 8 2
0 3 5
0 2 1
0 4 1
21 23 3
5 7 5
10 13 2
23 2 1
22 2 5
2 4 4
15 18 1
9 14 3
14 16 4
3 6 3
23 2 1
20 23 4
9 12 3
20 0 1
13 16 4
12 15 1
1 5 4
5 10 1
17 20 5
20 22 1
15 18 4
21 1 4
18 21 5
4 7 5
20 0 3
18 21 2
6 10 1
16 19 1
6 9 3
3 5 1
15 19 1
4 7 1
13 17 3
11 13 3
3 5 4
21 23 2
8 12 1
3 6 1
4 5 3
17 21 3
18 21 3
19 23 1
21 0 4
18 21 2
21 23 1
10 15 1
17 19 4
5 10 4
6 9 2
12 14 1
21 0 2
11 13 1
21 1 1
6 10 1
7 11 5
2 3 1
21 23 5
22 0 3
10 11 1
20 22 2
23 2 5
11 14 1
6 9 1
17 18 1
11 14 5
5 10 2
12 14 2
18 21 3
14 15 1
6 9 3
11 17 5
17 21 5
17 21 3
6 8 4
8 10 1
5 6 4
10 14 5
11 15 5
4 6 4
3 7 1
18 22 1
19 23 1
14 17 4
17 20 3
19 23 1
10 15 4
13 15 3
5 6 2
10 13 5
19 22 4
22 2 2
6 8 3
13 15 5
1 3 4
14 17 5
1 3 2
21 0 2
0 4 4
2 4 2
16 20 4
18 22 4
18 18 1
12 15 1
6 7 2
19 22 2
10 13 2
13 16 3
2 5 2
7 9 5
15 18 2
9 12 2
12 18 4
11 13 2
21 0 4
3 6 2
10 14 2
11 13 5
8 10 1
4 6 5
20 23 3
18 22 5
6 10 1
1 3 4
9 13 3
23 3 3
7 9 5
18 21 5
4 6 3
1 4 5
13 16 4
0 2 1
15 18 3
21 0 4
2 6 5
22 1 1
0 2 1
16 18 1
10 12 1
19 21 3
1 3 3
14 16 4
13 17 1
15 19 2
3 4 5
19 23 5
5 10 5
15 18 4
13 17 2
10 13 2
22 1 5
19 20 1
13 15 2
16 18 2
14 16 2
11 15 3
4 7 5
9 14 2
3 8 2
18 20 2
16 18 3
13 16 4
22 1 3
7 10 5
6 9 5
18 20 4
22 0 3
15 18 5
15 18 5
13 17 4
17 20 1
0 4 2
18 22 5
21 1 1
12 14 3
8 12 2
21 23 4
5 8 5
12 15 1
12 15 2
20 23 3
0 4 2
5 7 1
5 9 2
15 17 2
9 13 4
10 14 1
4 6 5
20 21 1
10 12 3
16 19 1
5 9 1
8 12 5
9 12 2
17 21 4
23 3 3
12 15 1
10 11 1
11 15 1
9 12 2
5 9 4
0 4 2
2 5 3
11 14 5
11 14 2
3 7 1
19 23 5
20 22 3
11 14 3
3 5 1
7 10 1
12 15 4
22 1 4
23 5 3
1 5 4
4 6 5
6 9 1
18 19 2
5 7 1
22 0 1
15 19 3
5 6 1
22 1 2
15 17 3
12 15 1
1 4 3
13 15 1
14 17 5
16 19 1
19 21 3
0 4 3
15 17 5
17 19 3
23 2 5
23 1 1
1 2 2
19 22 3
9 12 3
0 2 2
2 3 1
7 11 5
9 11 3
9 13 5
22 23 1
23 4 1
23 2 4
11 12 2
15 19 2
4 7 3
8 12 5
19 22 3
5 7 1
8 10 1
23 2 5
21 1 2
10 12 2
17 19 1
3 7 5
0 0 2
14 17 2
12 15 4
1 5 5
11 14 1
21 23 4
22 0 3
13 17 3
14 17 2
9 11 5
14 14 1
15 17 2
6 10 1
5 7 5
3 7 5
8 11 5
1 3 2
18 20 5
21 0 5
11 16 3
19 23 3
13 16 1
19 22 2
3 5 5
4 7 2
22 0 3
8 10 2
1 5 2
10 14 4
22 1 4
7 10 1
6 8 2
15 18 4
10 12 2
7 11 4
18 22 5
22 1 3
18 20 5
17 22 4
2 6 1
16 17 3
21 0 5
4 10 1
5 8 5
3 4 4
18 20 4
1 3 4
1 4 4
23 4 5
13 15 3
11 14 5
8 10 2
5 8 4
11 12 5
4 7 5
5 9 1
3 6 5
5 7 4
12 14 2
9 12 5
12 16 4
20 1 5
8 11 3
12 16 5
9 11 3
17 20 4
6 8 4
9 10 5
11 13 4
2 5 2
0 4 3
10 13 1
0 2 5
9 14 4
23 4 5
2 6 5
12 17 5
22 23 3
2 3 1
22 2 4
18 19 1
9 12 2
1 4 1
7 10 2
14 17 5
20 21 3
13 17 1
11 13 4
16 20 4
14 16 1
11 13 5
3 8 3
15 18 3
7 12 3
15 15 4
9 11 4
7 11 5
13 15 1
5 8 2
9 10 4
16 18 2
7 10 4
3 8 3
19 23 3
16 19 4
12 15 1
6 9 5
23 2 2
3 6 3
14 17 2
1 6 5
18 21 1
2 5 1
23 0 2
4 8 1
2 6 1
18 21 2
12 15 2
21 1 4
4 7 3
15 19 5
0 3 4
5 10 3
17 21 1
11 13 4
7 9 5
6 10 1
3 4 5
11 14 1
16 18 1
15 17 1
23 3 3
14 17 5
23 2 3
6 11 4
13 17 4
20 21 1
7 8 2
0 2 5
17 21 4
7 9 3
19 20 5
16 20 5
6 9 1
14 16 2
6 8 3
5 9 1
18 20 1
6 9 5
16 19 1
2 7 3
17 22 4
6 9 2
23 0 3
16 18 5
12 15 2
15 18 3
17 20 2
0 2 1
3 7 1
13 16 2
2 4 4
8 12 4
23 0 1
17 21 5
5 8 4
14 17 1
18 22 3
15 19 3
21 22 3
15 17 4
11 14 5
8 11 1
12 14 3
10 13 4
20 0 1
1 4 2
9 11 1
11 13 3
5 8 1
18 21 4
12 16 1
16 20 5
21 0 2
16 20 4
23 2 1
16 18 1
17 20 3
10 14 3
23 0 2
13 16 4
7 10 3
5 7 2
9 11 3
4 6 2
15 17 4
10 14 3
5 7 5
21 0 5
16 19 5
14 17 3
23 1 5
18 21 1
7 10 5
5 10 5
5 8 3
13 18 2
4 7 2
19 23 4
1 5 2
4 7 4
8 12 5
6 10 5
15 17 2
9 12 5
16 18 1
4 6 2
5 7 5
23 3 3
23 4 2
15 17 4
3 6 3
7 11 4
0 4 3
22 0 5
18 21 1
23 1 1
15 19 2
4 8 5
5 8 4
19 21 4
1 2 2
10 15 1
17 19 4
5 7 4
3 6 5
0 4 3
